最佳模型信息
==============================
model_name: Gradient Boosting
f1_score: 0.5525859076709476
auc_score: 0.7779742570477763
accuracy: 0.6748234106962664
precision: 0.42887931034482757
recall: 0.7765853658536586
optimal_threshold: 0.2699999999999999
